0.000000 0.000000 0.000000 0.000000 
0.000000 0.000000 0.000000 0.000000 
0.000000 0.000000 0.000000 0.000000 
0.000000 0.000000 0.000000 0.000000 
0.000000 0.000000 0.000000 0.000000 
0.000000 0.000000 0.000000 0.000000 
0.000000 0.000000 0.000000 0.000000 
0.000000 0.000000 0.000000 0.000000 
0.000000 0.000000 0.000000 0.000000 

-7.961961 -6.665624 -7.663429 -10.000000 
-2.368373 4.278086 -2.288663 -10.000000 
-7.577051 -6.378702 -7.379624 -10.000000 
-4.137557 -4.056787 -2.778138 -10.000000 
0.000000 0.000000 0.000000 0.000000 
-7.374057 -7.040152 -7.430608 -10.000000 
-6.415631 -7.757016 -7.741583 -10.000000 
6.065712 -1.208219 -1.352496 -10.000000 
-5.470452 -7.498764 -7.422767 -10.000000 

-7.033454 -5.290389 -10.000000 -7.004197 
-1.599530 -0.093562 -10.000000 -1.553708 
-5.560667 -7.642052 -10.000000 -8.223752 
-6.253288 -6.959698 -10.000000 -6.968473 
0.000000 0.000000 0.000000 0.000000 
-6.495534 -6.502333 -10.000000 -5.602623 
-5.648698 -7.043319 -10.000000 -7.071075 
9.591741 -0.781424 -10.000000 -0.976274 
-6.378137 -7.632801 -10.000000 -7.431346 

-7.855058 -6.093662 -10.000000 -10.000000 
-0.878490 4.034803 -10.000000 -10.000000 
-7.762527 -6.555821 -10.000000 -10.000000 
-6.716690 -6.984324 -10.000000 -10.000000 
0.000000 0.000000 0.000000 0.000000 
-7.068661 -6.720381 -10.000000 -10.000000 
-6.278135 -7.373517 -10.000000 -10.000000 
3.109200 0.059546 -10.000000 -10.000000 
-6.175148 -7.609713 -10.000000 -10.000000 

-8.180617 -10.000000 -7.936349 -8.360351 
-8.438021 -10.000000 -8.053643 -8.434327 
-8.148585 -10.000000 -7.734309 -8.095502 
-5.656628 -10.000000 -4.807619 -5.695461 
0.000000 0.000000 0.000000 0.000000 
-6.804158 -10.000000 -6.854588 -6.325764 
-6.992515 -10.000000 -7.235381 -7.262567 
0.737460 -10.000000 -0.355282 -0.423456 
-6.910293 -10.000000 -7.266299 -7.267554 

-8.952245 -10.000000 -8.269329 -10.000000 
-7.196757 -10.000000 -8.213481 -10.000000 
-6.854212 -10.000000 -8.256918 -10.000000 
-5.155308 -10.000000 -3.642605 -10.000000 
0.000000 0.000000 0.000000 0.000000 
-8.143158 -10.000000 -8.331614 -10.000000 
-6.827055 -10.000000 -8.084113 -10.000000 
0.290473 -10.000000 -5.776709 -10.000000 
-8.949977 -10.000000 -8.399915 -10.000000 

-8.158918 -10.000000 -10.000000 -8.860749 
-8.662968 -10.000000 -10.000000 -8.546652 
-7.941493 -10.000000 -10.000000 -8.751686 
-7.834295 -10.000000 -10.000000 -8.393319 
0.000000 0.000000 0.000000 0.000000 
-7.452594 -10.000000 -10.000000 -6.553233 
-6.643237 -10.000000 -10.000000 -8.911405 
0.685957 -10.000000 -10.000000 -4.241177 
-7.804557 -10.000000 -10.000000 -8.024711 

-8.850421 -10.000000 -10.000000 -10.000000 
-8.586742 -10.000000 -10.000000 -10.000000 
-8.694462 -10.000000 -10.000000 -10.000000 
-6.835834 -10.000000 -10.000000 -10.000000 
0.000000 0.000000 0.000000 0.000000 
-7.340528 -10.000000 -10.000000 -10.000000 
-7.614485 -10.000000 -10.000000 -10.000000 
-3.560038 -10.000000 -10.000000 -10.000000 
-7.426835 -10.000000 -10.000000 -10.000000 

-10.000000 -6.933561 -7.131244 -7.240281 
-10.000000 3.118755 -1.349856 -1.546667 
-10.000000 -7.512495 -7.946693 -7.954104 
-10.000000 -5.444258 -4.670168 -5.506470 
0.000000 0.000000 0.000000 0.000000 
-10.000000 -7.559252 -7.593516 -7.134482 
-10.000000 -8.378178 -8.135382 -8.380856 
-10.000000 -8.659051 -8.680306 -8.415910 
-10.000000 -8.737334 -8.583544 -8.472412 

-10.000000 -6.879886 -8.148880 -10.000000 
-10.000000 -4.225583 -5.557501 -10.000000 
-10.000000 -7.619633 -8.252559 -10.000000 
-10.000000 -5.337191 -4.784072 -10.000000 
0.000000 0.000000 0.000000 0.000000 
-10.000000 -7.406604 -8.325466 -10.000000 
-10.000000 -8.553370 -8.854506 -10.000000 
-10.000000 -8.336750 -8.214557 -10.000000 
-10.000000 -7.430047 -8.650742 -10.000000 

-10.000000 -6.004010 -10.000000 -8.683676 
-10.000000 -0.895047 -10.000000 -6.881157 
-10.000000 -7.393091 -10.000000 -8.951844 
-10.000000 -7.668695 -10.000000 -8.250450 
0.000000 0.000000 0.000000 0.000000 
-10.000000 -7.534091 -10.000000 -6.806143 
-10.000000 -9.233723 -10.000000 -8.985754 
-10.000000 -7.274114 -10.000000 -9.145190 
-10.000000 -8.658270 -10.000000 -8.339743 

-10.000000 -8.424777 -10.000000 -10.000000 
-10.000000 -5.646412 -10.000000 -10.000000 
-10.000000 -8.318456 -10.000000 -10.000000 
-10.000000 -6.818774 -10.000000 -10.000000 
0.000000 0.000000 0.000000 0.000000 
-10.000000 -7.090774 -10.000000 -10.000000 
-10.000000 -8.152006 -10.000000 -10.000000 
-10.000000 -8.734580 -10.000000 -10.000000 
-10.000000 -7.567241 -10.000000 -10.000000 

-10.000000 -10.000000 -9.226687 -9.734182 
-10.000000 -10.000000 -9.233904 -9.679098 
-10.000000 -10.000000 -9.842833 -9.380185 
-10.000000 -10.000000 -8.430069 -9.310983 
0.000000 0.000000 0.000000 0.000000 
-10.000000 -10.000000 -9.436358 -8.701497 
-10.000000 -10.000000 -9.810082 -9.627345 
-10.000000 -10.000000 -9.255008 -9.710599 
-10.000000 -10.000000 -9.761522 -9.415259 

-10.000000 -10.000000 -9.218971 -10.000000 
-10.000000 -10.000000 -9.631166 -10.000000 
-10.000000 -10.000000 -9.235288 -10.000000 
-10.000000 -10.000000 -8.937482 -10.000000 
0.000000 0.000000 0.000000 0.000000 
-10.000000 -10.000000 -9.492643 -10.000000 
-10.000000 -10.000000 -9.347012 -10.000000 
-10.000000 -10.000000 -9.298053 -10.000000 
-10.000000 -10.000000 -9.452652 -10.000000 

-10.000000 -10.000000 -10.000000 -9.639714 
-10.000000 -10.000000 -10.000000 -9.780962 
-10.000000 -10.000000 -10.000000 -9.614176 
-10.000000 -10.000000 -10.000000 -9.891430 
0.000000 0.000000 0.000000 0.000000 
-10.000000 -10.000000 -10.000000 -9.513990 
-10.000000 -10.000000 -10.000000 -9.846739 
-10.000000 -10.000000 -10.000000 -9.624369 
-10.000000 -10.000000 -10.000000 -9.521215 

-10.000000 -10.000000 -10.000000 -10.000000 
-10.000000 -10.000000 -10.000000 -10.000000 
-10.000000 -10.000000 -10.000000 -10.000000 
-10.000000 -10.000000 -10.000000 -10.000000 
0.000000 0.000000 0.000000 0.000000 
-10.000000 -10.000000 -10.000000 -10.000000 
-10.000000 -10.000000 -10.000000 -10.000000 
-10.000000 -10.000000 -10.000000 -10.000000 
-10.000000 -10.000000 -10.000000 -10.000000 

