0.000000 0.000000 0.000000 0.000000 
0.000000 0.000000 0.000000 0.000000 
0.000000 0.135500 0.000000 0.069369 
0.000000 0.000000 0.000000 0.000000 
0.000000 0.000000 0.000000 0.000000 
0.000000 0.000000 0.000000 0.000000 
0.000000 0.000000 0.000000 0.000000 
0.000000 0.000000 0.000000 0.000000 
0.000000 0.000000 0.000000 0.000000 

0.000000 0.000000 0.000000 0.000000 
0.000000 0.000000 0.000000 0.000000 
0.000000 0.321946 0.000000 0.076105 
0.000000 0.000000 0.000000 0.000000 
0.000000 0.000000 0.000000 0.000000 
0.000000 0.000000 0.000000 0.000000 
0.000000 0.000000 0.000000 0.000000 
0.000000 0.000000 0.000000 0.000000 
0.000000 0.000000 0.000000 0.000000 

0.000000 0.711918 0.648448 0.000000 
0.000000 0.854324 0.000000 0.000000 
0.000000 0.802356 0.000000 0.751893 
0.000000 0.000000 0.737345 0.000000 
0.000000 0.000000 0.000000 0.000000 
0.000000 0.000000 0.000000 0.143900 
0.397984 0.000000 0.771093 0.000000 
0.609883 0.000000 0.000000 0.000000 
0.662660 0.000000 0.000000 0.354933 

0.000000 0.972526 0.996742 0.000000 
0.000000 0.914892 0.000000 0.000000 
0.000000 0.999699 0.000000 0.923765 
0.000000 0.000000 0.933365 0.000000 
0.000000 0.000000 0.000000 0.000000 
0.000000 0.000000 0.000000 0.673783 
1.000000 0.000000 0.983875 0.000000 
0.969650 0.000000 0.000000 0.000000 
1.000000 0.000000 0.000000 0.819728 

0.000000 1.000000 0.999990 0.000000 
0.000000 0.999605 0.000000 0.000000 
0.000000 1.000000 0.000000 0.853615 
0.000000 0.000000 0.999913 0.000000 
0.000000 0.000000 0.000000 0.000000 
0.000000 0.000000 0.000000 0.976803 
1.000000 0.000000 0.956666 0.000000 
0.999945 0.000000 0.000000 0.000000 
0.999961 0.000000 0.000000 0.986436 

0.000000 1.000000 0.955866 0.000000 
0.000000 0.999999 0.000000 0.000000 
0.000000 1.000000 0.000000 0.897633 
0.000000 0.000000 1.000000 0.000000 
0.000000 0.000000 0.000000 0.000000 
0.000000 0.000000 0.000000 0.999619 
1.000000 0.000000 0.998218 0.000000 
1.000000 0.000000 0.000000 0.000000 
0.999738 0.000000 0.000000 0.999065 

0.000000 0.999809 0.999998 0.000000 
0.000000 1.000000 0.000000 0.000000 
0.000000 1.000000 0.000000 0.920831 
0.000000 0.000000 1.000000 0.000000 
0.000000 0.000000 0.000000 0.000000 
0.000000 0.000000 0.000000 0.939125 
1.000000 0.000000 0.893485 0.000000 
1.000000 0.000000 0.000000 0.000000 
1.000000 0.000000 0.000000 0.662432 

0.000000 0.999997 0.997525 0.000000 
0.000000 1.000000 0.000000 0.000000 
0.000000 1.000000 0.000000 0.999476 
0.000000 0.000000 1.000000 0.000000 
0.000000 0.000000 0.000000 0.000000 
0.000000 0.000000 0.000000 0.937723 
1.000000 0.000000 0.966982 0.000000 
1.000000 0.000000 0.000000 0.000000 
1.000000 0.000000 0.000000 0.653689 

0.000000 1.000000 0.999994 0.000000 
0.000000 1.000000 0.000000 0.000000 
0.000000 1.000000 0.000000 0.908001 
0.000000 0.000000 0.943514 0.000000 
0.000000 0.000000 0.000000 0.000000 
0.000000 0.000000 0.000000 0.990542 
0.854200 0.000000 0.722977 0.000000 
1.000000 0.000000 0.000000 0.000000 
1.000000 0.000000 0.000000 0.964380 

0.000000 1.000000 0.861104 0.000000 
0.000000 1.000000 0.000000 0.000000 
0.000000 1.000000 0.000000 0.873756 
0.000000 0.000000 0.949255 0.000000 
0.000000 0.000000 0.000000 0.000000 
0.000000 0.000000 0.000000 0.817173 
0.999998 0.000000 0.999482 0.000000 
1.000000 0.000000 0.000000 0.000000 
1.000000 0.000000 0.000000 0.976540 

0.000000 1.000000 0.984045 0.000000 
0.000000 1.000000 0.000000 0.000000 
0.000000 0.993819 0.000000 0.853928 
0.000000 0.000000 0.998860 0.000000 
0.000000 0.000000 0.000000 0.000000 
0.000000 0.000000 0.000000 0.991117 
1.000000 0.000000 0.993740 0.000000 
1.000000 0.000000 0.000000 0.000000 
1.000000 0.000000 0.000000 0.963452 

0.000000 0.148663 0.000000 0.000000 
0.000000 0.557577 0.000000 0.000000 
0.000000 0.000000 0.000000 0.000000 
0.000000 0.000000 0.000000 0.000000 
0.000000 0.000000 0.000000 0.000000 
0.000000 0.000000 0.000000 0.000000 
0.000000 0.000000 0.000000 0.000000 
0.000000 0.000000 0.000000 0.000000 
0.000000 0.000000 0.000000 0.000000 

0.000000 0.942322 0.451761 0.000000 
0.000000 0.677473 0.000000 0.000000 
0.000000 0.578586 0.000000 0.732846 
0.000000 0.000000 0.343903 0.000000 
0.000000 0.000000 0.000000 0.000000 
0.000000 0.000000 0.000000 0.062600 
0.694882 0.000000 0.645096 0.000000 
0.383235 0.000000 0.000000 0.000000 
0.721242 0.000000 0.000000 0.619892 

0.000000 0.988804 0.998253 0.000000 
0.000000 0.995759 0.000000 0.000000 
0.000000 0.999998 0.000000 0.789640 
0.000000 0.000000 0.961911 0.000000 
0.000000 0.000000 0.000000 0.000000 
0.000000 0.000000 0.000000 0.995159 
0.999960 0.000000 0.919338 0.000000 
0.916553 0.000000 0.000000 0.000000 
0.893712 0.000000 0.000000 0.998025 

0.000000 1.000000 0.978116 0.000000 
0.000000 0.999992 0.000000 0.000000 
0.000000 1.000000 0.000000 0.803336 
0.000000 0.000000 0.851827 0.000000 
0.000000 0.000000 0.000000 0.000000 
0.000000 0.000000 0.000000 0.928928 
1.000000 0.000000 0.999985 0.000000 
0.999942 0.000000 0.000000 0.000000 
1.000000 0.000000 0.000000 0.995016 

0.000000 1.000000 0.893684 0.000000 
0.000000 1.000000 0.000000 0.000000 
0.000000 1.000000 0.000000 0.937402 
0.000000 0.000000 0.923801 0.000000 
0.000000 0.000000 0.000000 0.000000 
0.000000 0.000000 0.000000 0.619805 
1.000000 0.000000 0.988368 0.000000 
1.000000 0.000000 0.000000 0.000000 
1.000000 0.000000 0.000000 0.942553 

0.000000 1.000000 0.993758 0.000000 
0.000000 1.000000 0.000000 0.000000 
0.000000 1.000000 0.000000 0.685211 
0.000000 0.000000 0.956702 0.000000 
0.000000 0.000000 0.000000 0.000000 
0.000000 0.000000 0.000000 0.945834 
1.000000 0.000000 0.988279 0.000000 
1.000000 0.000000 0.000000 0.000000 
1.000000 0.000000 0.000000 0.981888 

0.000000 1.000000 0.995487 0.000000 
0.000000 1.000000 0.000000 0.000000 
0.000000 0.999998 0.000000 0.988699 
0.000000 0.000000 0.958115 0.000000 
0.000000 0.000000 0.000000 0.000000 
0.000000 0.000000 0.000000 0.952876 
1.000000 0.000000 0.977783 0.000000 
1.000000 0.000000 0.000000 0.000000 
1.000000 0.000000 0.000000 0.996841 

0.000000 1.000000 0.957449 0.000000 
0.000000 1.000000 0.000000 0.000000 
0.000000 1.000000 0.000000 0.907906 
0.000000 0.000000 0.999312 0.000000 
0.000000 0.000000 0.000000 0.000000 
0.000000 0.000000 0.000000 0.958678 
1.000000 0.000000 0.997107 0.000000 
1.000000 0.000000 0.000000 0.000000 
1.000000 0.000000 0.000000 0.824368 

0.000000 1.000000 0.999997 0.000000 
0.000000 1.000000 0.000000 0.000000 
0.000000 1.000000 0.000000 0.588203 
0.000000 0.000000 0.943504 0.000000 
0.000000 0.000000 0.000000 0.000000 
0.000000 0.000000 0.000000 0.998248 
1.000000 0.000000 0.999507 0.000000 
1.000000 0.000000 0.000000 0.000000 
1.000000 0.000000 0.000000 0.921127 

0.000000 1.000000 0.987224 0.000000 
0.000000 1.000000 0.000000 0.000000 
0.000000 1.000000 0.000000 0.946962 
0.000000 0.000000 0.833957 0.000000 
0.000000 0.000000 0.000000 0.000000 
0.000000 0.000000 0.000000 0.978452 
1.000000 0.000000 0.997579 0.000000 
1.000000 0.000000 0.000000 0.000000 
1.000000 0.000000 0.000000 0.878334 

0.000000 0.337112 0.379089 0.000000 
0.000000 0.000000 0.000000 0.000000 
0.000000 0.000000 0.000000 0.000000 
0.000000 0.000000 0.000000 0.000000 
0.000000 0.000000 0.000000 0.000000 
0.000000 0.000000 0.000000 0.000000 
0.000000 0.000000 0.000000 0.000000 
0.000000 0.000000 0.000000 0.000000 
0.000000 0.000000 0.000000 0.000000 

0.000000 0.563940 0.711917 0.000000 
0.000000 0.653508 0.000000 0.000000 
0.000000 0.643172 0.000000 0.760204 
0.000000 0.000000 0.375903 0.000000 
0.000000 0.000000 0.000000 0.000000 
-0.100000 0.000000 0.000000 0.143900 
0.763373 0.000000 0.476370 0.000000 
0.612580 0.000000 0.000000 0.000000 
0.646561 0.000000 0.000000 0.684591 

0.000000 1.000000 0.893625 0.000000 
0.000000 0.989421 0.000000 0.000000 
0.000000 0.988370 0.000000 0.998627 
0.000000 0.000000 0.805753 0.000000 
0.000000 0.000000 0.000000 0.000000 
-0.100000 0.000000 0.000000 0.940779 
0.988370 0.000000 0.993752 0.000000 
0.993454 0.000000 0.000000 0.000000 
1.000000 0.000000 0.000000 0.995135 

0.000000 1.000000 0.999730 0.000000 
0.000000 0.984038 0.000000 0.000000 
0.000000 1.000000 0.000000 0.983934 
0.000000 0.000000 0.984842 0.000000 
0.000000 0.000000 0.000000 0.000000 
-0.100000 0.000000 0.000000 0.894930 
1.000000 0.000000 0.983721 0.000000 
0.999998 0.000000 0.000000 0.000000 
1.000000 0.000000 0.000000 0.642150 

0.000000 1.000000 0.884795 0.000000 
0.000000 0.999971 0.000000 0.000000 
0.000000 1.000000 0.000000 0.958539 
0.000000 0.000000 0.999904 0.000000 
0.000000 0.000000 0.000000 0.000000 
-0.100000 0.000000 0.000000 0.788135 
1.000000 0.000000 0.999041 0.000000 
1.000000 0.000000 0.000000 0.000000 
1.000000 0.000000 0.000000 0.999993 

0.000000 1.000000 0.975157 0.000000 
0.000000 1.000000 0.000000 0.000000 
0.000000 1.000000 0.000000 0.791955 
0.000000 0.000000 0.969981 0.000000 
0.000000 0.000000 0.000000 0.000000 
-0.100000 0.000000 0.000000 0.914632 
1.000000 0.000000 0.958772 0.000000 
1.000000 0.000000 0.000000 0.000000 
1.000000 0.000000 0.000000 0.992192 

0.000000 1.000000 0.989366 0.000000 
0.000000 1.000000 0.000000 0.000000 
0.000000 1.000000 0.000000 0.702038 
0.000000 0.000000 0.934163 0.000000 
0.000000 0.000000 0.000000 0.000000 
-0.100000 0.000000 0.000000 0.999604 
1.000000 0.000000 0.978097 0.000000 
1.000000 0.000000 0.000000 0.000000 
1.000000 0.000000 0.000000 0.778112 

0.000000 1.000000 0.920343 0.000000 
0.000000 1.000000 0.000000 0.000000 
0.000000 1.000000 0.000000 0.999288 
0.000000 0.000000 0.979378 0.000000 
0.000000 0.000000 0.000000 0.000000 
-0.100000 0.000000 0.000000 0.670985 
0.999985 0.000000 0.997580 0.000000 
1.000000 0.000000 0.000000 0.000000 
1.000000 0.000000 0.000000 0.964166 

0.000000 1.000000 0.987916 0.000000 
0.000000 1.000000 0.000000 0.000000 
0.000000 1.000000 0.000000 0.999952 
0.000000 0.000000 0.999963 0.000000 
0.000000 0.000000 0.000000 0.000000 
-0.100000 0.000000 0.000000 0.909443 
1.000000 0.000000 0.942904 0.000000 
0.958822 0.000000 0.000000 0.000000 
1.000000 0.000000 0.000000 0.977656 

0.000000 1.000000 0.961716 0.000000 
0.000000 1.000000 0.000000 0.000000 
0.000000 1.000000 0.000000 0.957052 
0.000000 0.000000 0.999998 0.000000 
0.000000 0.000000 0.000000 0.000000 
-0.100000 0.000000 0.000000 0.994156 
1.000000 0.000000 0.943509 0.000000 
0.999507 0.000000 0.000000 0.000000 
1.000000 0.000000 0.000000 0.962203 

0.000000 0.000000 -0.100000 0.000000 
0.000000 0.000000 0.000000 0.000000 
0.000000 0.000000 0.000000 0.000000 
0.000000 0.000000 0.000000 0.000000 
0.000000 0.000000 0.000000 0.000000 
0.000000 0.000000 0.000000 0.000000 
0.000000 0.000000 0.000000 0.000000 
0.000000 0.000000 0.000000 0.000000 
0.000000 0.000000 0.000000 0.000000 

0.000000 0.442103 -0.013175 0.000000 
0.000000 0.455251 0.000000 0.000000 
0.000000 0.000000 0.000000 0.103672 
0.000000 0.000000 0.000000 0.000000 
0.000000 0.000000 0.000000 0.000000 
0.135500 0.000000 0.000000 0.069369 
0.470899 0.000000 0.418034 0.000000 
0.000000 0.000000 0.000000 0.000000 
0.174973 0.000000 0.000000 0.125446 

0.000000 0.548256 0.133833 0.000000 
0.000000 0.574998 0.000000 0.000000 
0.000000 0.381259 0.000000 0.150793 
0.000000 0.000000 0.000000 0.000000 
0.000000 0.000000 0.000000 0.000000 
0.135500 0.000000 0.000000 0.108113 
0.679585 0.000000 0.615003 0.000000 
0.499942 0.000000 0.000000 0.000000 
0.524226 0.000000 0.000000 0.412776 

0.000000 0.545142 0.264278 0.000000 
0.000000 0.574998 0.000000 0.000000 
0.000000 0.381259 0.000000 0.150793 
0.000000 0.000000 0.000000 0.000000 
0.000000 0.000000 0.000000 0.000000 
0.135500 0.000000 0.000000 0.108113 
0.589072 0.000000 0.475795 0.000000 
0.499942 0.000000 0.000000 0.000000 
0.512983 0.000000 0.000000 0.258410 

0.000000 0.545142 0.137850 0.000000 
0.000000 0.574998 0.000000 0.000000 
0.000000 0.420207 0.000000 0.161535 
0.000000 0.000000 0.000000 0.000000 
0.000000 0.000000 0.000000 0.000000 
0.135500 0.000000 0.000000 0.108113 
0.589072 0.000000 -0.031731 0.000000 
0.499942 0.000000 0.000000 0.000000 
0.518604 0.000000 0.000000 0.196183 

0.000000 0.545142 -0.078341 0.000000 
0.000000 0.574998 0.000000 0.000000 
0.000000 0.448600 0.000000 0.215754 
0.000000 0.000000 0.000000 0.000000 
0.000000 0.000000 0.000000 0.000000 
0.135500 0.000000 0.000000 0.160277 
0.646484 0.000000 0.007224 0.000000 
0.499942 0.000000 0.000000 0.000000 
0.513562 0.000000 0.000000 0.198085 

0.000000 0.622770 -0.078341 0.000000 
0.000000 0.574998 0.000000 0.000000 
0.000000 0.598029 0.000000 0.249149 
0.000000 0.000000 0.000000 0.000000 
0.000000 0.000000 0.000000 0.000000 
0.135500 0.000000 0.000000 0.167758 
0.481835 0.000000 -0.265734 0.000000 
0.499942 0.000000 0.000000 0.000000 
0.509887 0.000000 0.000000 0.074044 

0.000000 0.699544 0.113311 0.000000 
0.000000 0.417498 0.000000 0.000000 
0.000000 0.706964 0.000000 0.210922 
0.000000 0.000000 0.000000 0.000000 
0.000000 0.000000 0.000000 0.000000 
0.135500 0.000000 0.000000 0.192840 
0.472853 0.000000 -0.018747 0.000000 
0.499942 0.000000 0.000000 0.000000 
0.510189 0.000000 0.000000 0.186334 

0.000000 0.609651 0.074627 0.000000 
0.000000 0.554935 0.000000 0.000000 
0.000000 0.650876 0.000000 0.427364 
0.000000 0.000000 0.000000 0.000000 
0.000000 0.000000 0.000000 0.000000 
0.135500 0.000000 0.000000 0.192840 
0.643608 0.000000 -0.116873 0.000000 
0.499942 0.000000 0.000000 0.000000 
0.522029 0.000000 0.000000 0.075952 

0.000000 0.648831 -0.032836 0.000000 
0.000000 0.554935 0.000000 0.000000 
0.000000 0.467147 0.000000 0.321576 
0.000000 0.000000 0.000000 0.000000 
0.000000 0.000000 0.000000 0.000000 
0.135500 0.000000 0.000000 0.192840 
0.740190 0.000000 0.319888 0.000000 
0.499942 0.000000 0.000000 0.000000 
0.610487 0.000000 0.000000 0.244163 

0.000000 0.000000 0.000000 0.000000 
0.000000 0.000000 0.000000 0.000000 
0.000000 0.000000 0.000000 0.000000 
0.000000 0.000000 0.000000 0.000000 
0.000000 0.000000 0.000000 0.000000 
0.000000 0.000000 0.000000 0.000000 
0.000000 0.000000 0.000000 0.000000 
0.000000 0.000000 0.000000 0.000000 
0.637214 0.000000 0.000000 0.612517 

0.000000 0.135500 -0.190000 0.000000 
0.000000 0.000000 0.000000 0.000000 
0.337095 0.626704 0.000000 0.636218 
0.000000 0.000000 0.000000 0.000000 
0.000000 0.000000 0.000000 0.000000 
0.000000 0.000000 0.000000 0.000000 
0.135500 0.000000 -0.343900 0.000000 
0.000000 0.000000 0.000000 0.000000 
0.661113 0.000000 0.000000 0.594779 

0.000000 0.704787 0.088469 0.000000 
0.000000 0.000000 0.000000 0.000000 
0.337095 0.595548 0.000000 0.598320 
0.000000 0.000000 0.000000 0.000000 
0.000000 0.000000 0.000000 0.000000 
0.000000 0.000000 0.000000 0.000000 
0.234280 0.000000 -0.468559 0.000000 
0.000000 0.000000 0.000000 0.000000 
0.601033 0.000000 0.000000 0.647781 

0.000000 0.591451 -0.206506 0.000000 
0.000000 0.000000 0.000000 0.000000 
0.337095 0.692896 0.000000 0.565576 
0.000000 0.000000 0.000000 0.000000 
0.000000 0.000000 0.000000 0.000000 
0.000000 0.000000 0.000000 0.000000 
0.771169 0.000000 0.338474 0.000000 
0.430117 0.000000 0.000000 0.400995 
0.623830 0.000000 0.000000 0.583898 

0.000000 0.523134 -0.479389 0.000000 
0.000000 0.000000 0.000000 0.000000 
0.337095 0.692896 0.000000 0.565576 
0.000000 0.000000 0.000000 0.000000 
0.000000 0.000000 0.000000 0.000000 
0.000000 0.000000 0.000000 0.000000 
0.609991 0.000000 -0.209644 0.000000 
0.430117 0.000000 0.000000 0.400995 
0.619904 0.000000 0.000000 0.616220 

0.000000 0.754007 0.715401 0.000000 
0.000000 0.000000 0.000000 0.000000 
0.337095 0.640708 0.000000 0.586487 
0.000000 0.000000 0.000000 0.000000 
0.000000 0.000000 0.000000 0.000000 
0.000000 0.000000 0.000000 0.000000 
0.644615 0.000000 -0.218041 0.000000 
0.538557 0.000000 0.000000 0.613233 
0.588391 0.000000 0.000000 0.612825 

0.000000 0.959721 0.758715 0.000000 
0.000000 0.000000 0.000000 0.000000 
0.337095 0.704719 0.000000 0.746580 
0.000000 0.000000 0.000000 0.000000 
0.000000 0.000000 0.000000 0.000000 
0.000000 0.000000 0.000000 0.000000 
0.863241 0.000000 -0.263877 0.000000 
0.538557 0.000000 0.000000 0.613233 
0.574563 0.000000 0.000000 0.621020 

0.000000 0.717093 0.450785 0.000000 
0.000000 0.000000 0.000000 0.000000 
0.337095 0.789847 0.000000 0.757051 
0.000000 0.000000 0.000000 0.000000 
0.000000 0.000000 0.000000 0.000000 
0.000000 0.000000 0.000000 0.000000 
0.824541 0.000000 0.174297 0.000000 
0.538557 0.000000 0.000000 0.613233 
0.589628 0.000000 0.000000 0.641309 

0.000000 0.717093 0.343277 0.000000 
0.000000 0.000000 0.000000 0.000000 
0.337095 0.776818 0.000000 0.564073 
0.000000 0.000000 0.000000 0.000000 
0.000000 0.000000 0.000000 0.000000 
0.000000 0.000000 0.000000 0.000000 
0.807974 0.000000 0.579300 0.000000 
0.384701 0.000000 0.000000 0.613233 
0.753885 0.000000 0.000000 0.567621 

0.000000 0.717093 -0.020751 0.000000 
0.000000 0.000000 0.000000 0.000000 
0.337095 0.776818 0.000000 0.564073 
0.000000 0.000000 0.000000 0.000000 
0.000000 0.000000 0.000000 0.000000 
0.000000 0.000000 0.000000 0.000000 
0.807974 0.000000 -0.067439 0.000000 
0.384701 0.000000 0.000000 0.613233 
0.709837 0.000000 0.000000 0.562477 

0.000000 0.000000 0.000000 0.000000 
0.000000 0.000000 0.000000 0.000000 
0.000000 0.000000 0.000000 0.000000 
0.000000 0.000000 0.000000 0.000000 
0.000000 0.000000 0.000000 0.000000 
0.000000 0.000000 0.000000 0.000000 
0.000000 0.000000 0.000000 0.000000 
0.000000 0.000000 0.000000 0.000000 
0.592801 0.000000 0.000000 0.631946 

0.000000 0.533837 0.142995 0.000000 
0.000000 0.000000 0.000000 0.000000 
-0.100000 0.591672 0.000000 0.677213 
0.000000 0.000000 0.000000 0.000000 
0.000000 0.000000 0.000000 0.000000 
0.000000 0.000000 0.000000 0.559300 
0.774192 0.000000 0.232879 0.000000 
0.000000 0.000000 0.000000 0.000000 
0.552880 0.000000 0.000000 0.672031 

0.000000 0.487387 -0.166756 0.000000 
0.000000 0.000000 0.000000 0.000000 
-0.100000 0.645858 0.000000 0.568082 
0.000000 0.000000 0.000000 0.000000 
0.000000 0.000000 0.000000 0.000000 
0.000000 0.000000 0.000000 0.559300 
0.582853 0.000000 -0.191108 0.000000 
0.000000 0.000000 0.000000 0.000000 
0.769343 0.000000 0.000000 0.561218 

0.000000 0.547603 -0.213253 0.000000 
-0.100000 0.135500 0.000000 0.000000 
-0.100000 0.645858 0.000000 0.670503 
0.000000 0.000000 0.000000 0.000000 
0.000000 0.000000 0.000000 0.000000 
0.000000 0.000000 0.000000 0.559300 
0.529832 0.000000 -0.410318 0.000000 
0.000000 0.000000 0.000000 0.000000 
0.831851 0.000000 0.000000 0.558133 

0.000000 0.522040 -0.483815 0.000000 
-0.100000 0.135500 0.000000 0.000000 
-0.100000 0.674166 0.000000 0.582146 
0.000000 0.000000 0.000000 0.000000 
0.000000 0.000000 0.000000 0.000000 
0.000000 0.000000 0.000000 0.559300 
0.530370 0.000000 -0.439977 0.000000 
0.000000 0.000000 0.000000 0.000000 
0.638275 0.000000 0.000000 0.666394 

0.000000 0.568484 -0.695198 0.000000 
-0.100000 0.483150 0.000000 0.000000 
-0.100000 0.674166 0.000000 0.582146 
0.000000 0.000000 0.000000 0.000000 
0.000000 0.000000 0.000000 0.000000 
0.000000 0.000000 0.000000 0.559300 
0.580703 0.000000 -0.104802 0.000000 
0.000000 0.000000 0.000000 0.000000 
0.474447 0.000000 0.000000 0.687208 

0.000000 0.827611 0.257704 0.000000 
-0.100000 0.674172 0.000000 0.000000 
-0.100000 0.579148 0.000000 0.610594 
0.378713 0.000000 -0.190000 0.000000 
0.000000 0.000000 0.000000 0.000000 
0.000000 0.000000 0.000000 0.680180 
0.312996 0.000000 -0.274890 0.000000 
0.562283 0.000000 0.000000 0.000000 
0.474447 0.000000 0.000000 0.687208 

0.000000 0.617313 0.057847 0.000000 
-0.100000 0.674172 0.000000 0.000000 
-0.100000 0.571204 0.000000 0.750357 
0.378713 0.000000 -0.190000 0.000000 
0.000000 0.000000 0.000000 0.000000 
0.000000 0.000000 0.000000 0.680180 
0.544893 0.000000 -0.412661 0.000000 
0.562283 0.000000 0.000000 0.000000 
0.474447 0.000000 0.000000 0.704148 

0.000000 0.547684 0.166648 0.000000 
-0.100000 0.674172 0.000000 0.000000 
-0.100000 0.645853 0.000000 0.656660 
0.378713 0.000000 -0.271000 0.000000 
0.000000 0.000000 0.000000 0.000000 
0.000000 0.000000 0.000000 0.766851 
0.887289 0.000000 -0.085797 0.000000 
0.624352 0.000000 0.000000 0.000000 
0.680875 0.000000 0.000000 0.804723 

0.000000 0.598074 -0.046398 0.000000 
-0.100000 0.674172 0.000000 0.000000 
-0.100000 0.741827 0.000000 0.880859 
0.580532 0.000000 0.308134 0.000000 
0.000000 0.000000 0.000000 0.000000 
0.000000 0.000000 0.000000 0.766851 
0.752725 0.000000 -0.177217 0.000000 
0.629398 0.000000 0.000000 0.000000 
0.704628 0.000000 0.000000 0.829709 

0.000000 0.000000 0.000000 0.000000 
0.000000 0.000000 0.000000 0.000000 
0.000000 0.135500 0.000000 0.069369 
0.000000 0.000000 0.000000 0.000000 
0.000000 0.000000 0.000000 0.000000 
0.000000 0.000000 0.000000 0.000000 
0.000000 0.000000 0.000000 0.000000 
0.000000 0.000000 0.000000 0.000000 
0.000000 0.000000 0.000000 0.000000 

0.000000 0.000000 -0.100000 0.000000 
0.000000 0.000000 0.000000 0.000000 
0.000000 0.234280 0.000000 0.140302 
0.000000 0.000000 0.000000 0.000000 
0.000000 0.000000 0.000000 0.000000 
0.000000 0.000000 0.000000 0.000000 
0.571973 0.000000 0.436676 0.000000 
0.000000 0.000000 0.000000 0.000000 
0.234280 0.000000 0.000000 0.140302 

0.000000 0.000000 -0.190000 0.000000 
0.000000 0.000000 0.000000 0.000000 
0.000000 0.412356 0.000000 0.174298 
0.000000 0.000000 0.000000 0.000000 
0.000000 0.000000 0.000000 0.000000 
0.000000 0.000000 0.000000 0.000000 
0.550455 0.000000 0.462739 0.000000 
0.000000 0.000000 0.000000 0.000000 
0.234280 0.000000 0.000000 0.170245 

0.000000 0.579550 0.311088 0.000000 
0.000000 0.383235 0.000000 0.000000 
0.000000 0.458357 0.000000 0.190462 
0.000000 0.000000 0.000000 0.000000 
0.000000 0.000000 0.000000 0.000000 
0.000000 0.000000 0.000000 0.000000 
0.577419 0.000000 0.502677 0.000000 
0.000000 0.000000 0.000000 0.000000 
0.234280 0.000000 0.000000 0.170245 

0.000000 0.546475 0.297999 0.000000 
0.000000 0.383235 0.000000 0.000000 
0.000000 0.458357 0.000000 0.134414 
0.000000 0.000000 -0.100000 0.000000 
0.000000 0.000000 0.000000 0.000000 
0.000000 0.000000 0.000000 0.000000 
0.541144 0.000000 0.547163 0.000000 
0.000000 0.000000 0.000000 0.000000 
0.306290 0.000000 0.000000 0.181067 

0.000000 0.594951 -0.053759 0.000000 
0.000000 0.536726 0.000000 0.000000 
0.000000 0.499523 0.000000 0.183898 
0.000000 0.000000 -0.100000 0.000000 
0.000000 0.000000 0.000000 0.000000 
0.000000 0.000000 0.000000 0.000000 
0.376994 0.000000 0.255059 0.000000 
0.000000 0.000000 0.000000 0.000000 
0.358785 0.000000 0.000000 0.188167 

0.000000 0.709094 -0.053759 0.000000 
0.000000 0.536726 0.000000 0.000000 
0.000000 0.499523 0.000000 0.200104 
0.000000 0.000000 -0.100000 0.000000 
0.000000 0.000000 0.000000 0.000000 
0.000000 0.000000 0.000000 0.000000 
0.380068 0.000000 0.414831 0.000000 
0.000000 0.000000 0.000000 0.000000 
0.434798 0.000000 0.000000 0.188205 

0.000000 0.751797 -0.148383 0.000000 
0.000000 0.536726 0.000000 0.000000 
0.000000 0.499652 0.000000 0.194252 
0.000000 0.000000 -0.100000 0.000000 
0.000000 0.000000 0.000000 0.000000 
0.000000 0.000000 0.000000 0.000000 
0.580886 0.000000 0.343559 0.000000 
0.000000 0.000000 0.000000 0.000000 
0.577407 0.000000 0.000000 0.586954 

0.000000 0.819060 -0.148383 0.000000 
0.000000 0.618297 0.000000 0.000000 
0.000000 0.499652 0.000000 0.194166 
0.000000 0.000000 -0.100000 0.000000 
0.000000 0.000000 0.000000 0.000000 
0.000000 0.000000 0.000000 0.000000 
0.580886 0.000000 -0.020546 0.000000 
0.000000 0.000000 0.000000 0.000000 
0.556430 0.000000 0.000000 0.261504 

0.000000 0.445726 -0.148383 0.000000 
0.000000 0.618297 0.000000 0.000000 
0.000000 0.635246 0.000000 0.135849 
0.413675 0.000000 0.458198 0.000000 
0.000000 0.000000 0.000000 0.000000 
0.000000 0.000000 0.000000 0.000000 
0.611239 0.000000 0.140696 0.000000 
0.000000 0.000000 0.000000 0.000000 
0.556430 0.000000 0.000000 0.336565 

0.000000 0.000000 0.000000 0.000000 
0.000000 0.000000 0.000000 0.000000 
0.000000 0.000000 0.000000 0.000000 
0.000000 0.000000 0.000000 0.000000 
0.000000 0.000000 0.000000 0.000000 
0.000000 0.000000 0.000000 0.000000 
0.000000 0.000000 -0.100000 0.000000 
0.000000 0.000000 0.000000 0.000000 
0.000000 0.000000 0.000000 0.000000 

0.000000 0.135500 -0.100000 0.000000 
0.000000 0.000000 0.000000 0.000000 
0.000000 0.580096 0.000000 0.702752 
0.000000 0.000000 0.000000 0.000000 
0.000000 0.000000 0.000000 0.000000 
0.142269 0.000000 0.000000 0.576946 
0.135500 0.000000 -0.343900 0.000000 
0.000000 0.000000 0.000000 0.000000 
0.661996 0.000000 0.000000 0.599314 

0.500000 0.500000 0.350000 0.500000 
0.500000 0.500000 0.500000 0.500000 
0.500000 0.500000 0.500000 0.500000 
0.500000 0.500000 0.500000 0.500000 
0.500000 0.500000 0.500000 0.500000 
0.500000 0.500000 0.500000 0.500000 
0.500000 0.500000 0.500000 0.500000 
0.500000 0.500000 0.500000 0.500000 
0.500000 0.500000 0.500000 0.500000 

0.500000 1.000000 0.977986 0.987845 
0.500000 1.000000 0.500000 0.989499 
0.500000 0.988370 0.500000 0.983059 
0.500000 0.500000 0.999994 0.967640 
0.500000 0.500000 0.500000 0.500000 
0.500000 0.500000 0.500000 0.958751 
1.000000 0.500000 0.999072 0.990364 
0.997606 0.500000 0.500000 0.686589 
1.000000 0.500000 0.500000 0.982634 

0.500000 1.000000 1.000000 0.512130 
0.500000 0.999641 0.500000 0.920402 
0.500000 1.000000 0.858785 0.731106 
0.500000 0.500000 0.978116 0.992965 
0.500000 0.500000 0.500000 0.500000 
0.500000 0.500000 0.500000 0.541013 
1.000000 0.500000 0.999065 0.788618 
1.000000 0.500000 0.500000 0.976503 
1.000000 0.500000 0.500000 0.819964 

0.500000 1.000000 1.000000 0.984657 
0.500000 1.000000 0.500000 0.941902 
0.500000 0.998727 0.945291 0.647495 
0.500000 0.500000 1.000000 0.838303 
0.500000 0.500000 0.500000 0.500000 
0.500000 0.500000 0.500000 0.969107 
0.999985 0.500000 0.922516 -0.078971 
1.000000 0.500000 0.500000 0.894963 
1.000000 0.500000 0.500000 0.816507 

0.500000 1.000000 1.000000 0.827652 
0.500000 0.995494 0.500000 0.952567 
0.500000 1.000000 0.945291 0.922225 
0.500000 0.500000 0.998679 0.816052 
0.500000 0.500000 0.500000 0.500000 
0.500000 0.500000 0.500000 0.886443 
0.958822 0.500000 0.999966 -0.078971 
1.000000 0.500000 0.500000 0.911416 
0.922516 0.500000 0.500000 0.723583 

0.500000 1.000000 0.893663 0.707954 
0.500000 1.000000 0.500000 0.680509 
0.500000 1.000000 0.945291 0.712023 
0.500000 0.500000 0.991508 0.969863 
0.500000 0.500000 0.500000 0.500000 
0.500000 0.500000 0.500000 0.752532 
1.000000 0.500000 0.993819 -0.078971 
1.000000 0.500000 0.500000 0.667420 
1.000000 0.500000 0.500000 0.977419 

0.500000 1.000000 0.922516 -0.036950 
0.500000 0.893712 0.500000 0.983998 
0.500000 1.000000 0.945291 0.890080 
0.500000 0.500000 0.854197 0.983986 
0.500000 0.500000 0.500000 0.500000 
0.500000 0.500000 0.500000 0.967596 
1.000000 0.500000 0.991512 -0.078971 
1.000000 0.500000 0.500000 0.976231 
1.000000 0.500000 0.500000 0.943190 

0.500000 1.000000 0.999860 -0.036950 
0.500000 1.000000 0.500000 0.976314 
0.500000 1.000000 0.945291 0.969914 
0.500000 0.500000 1.000000 0.922070 
0.500000 0.500000 0.500000 0.500000 
0.500000 0.500000 0.500000 0.920932 
0.922516 0.500000 0.943479 -0.078971 
1.000000 0.500000 0.500000 0.949769 
0.998728 0.500000 0.500000 0.999552 

0.500000 1.000000 0.999992 -0.036950 
0.500000 0.999998 0.500000 0.941178 
0.500000 1.000000 0.945291 0.988369 
0.500000 0.500000 0.984047 0.945061 
0.500000 0.500000 0.500000 0.500000 
0.500000 0.500000 0.500000 0.490662 
1.000000 0.500000 0.999790 -0.078971 
1.000000 0.500000 0.500000 0.972498 
1.000000 0.500000 0.500000 0.978702 

0.500000 1.000000 0.993582 -0.036950 
0.500000 0.999996 0.500000 0.968214 
0.500000 0.999996 0.945291 0.729419 
0.500000 0.500000 0.999979 0.922389 
0.500000 0.500000 0.500000 0.500000 
0.500000 0.500000 0.500000 0.942844 
1.000000 0.500000 0.803362 -0.078971 
1.000000 0.500000 0.500000 0.733556 
1.000000 0.500000 0.500000 0.758496 

0.500000 0.500000 0.500000 0.500000 
0.500000 0.500000 0.500000 0.500000 
0.500000 0.500000 0.500000 0.635500 
0.500000 0.500000 0.500000 0.500000 
0.500000 0.500000 0.500000 0.500000 
0.500000 0.500000 0.500000 0.500000 
0.513505 0.500000 0.350000 0.500000 
0.500000 0.500000 0.500000 0.500000 
0.500000 0.500000 0.500000 0.500000 

0.500000 0.500000 0.500000 0.500000 
0.500000 0.500000 0.500000 0.500000 
0.500000 0.506769 0.500000 0.390650 
0.500000 0.500000 0.500000 0.500000 
0.500000 0.500000 0.500000 0.500000 
0.500000 0.500000 0.500000 0.500000 
0.500000 0.500000 0.500000 0.500000 
0.500000 0.500000 0.500000 0.500000 
0.500000 0.500000 0.500000 0.500000 

0.500000 1.000000 0.998947 0.949008 
0.500000 1.000000 0.500000 0.922927 
0.500000 1.000000 0.500000 0.894737 
0.500000 0.500000 0.999897 0.951420 
0.500000 0.500000 0.500000 0.500000 
0.500000 0.500000 0.500000 0.996475 
1.000000 0.500000 0.999898 0.851096 
1.000000 0.500000 0.500000 0.991788 
1.000000 0.500000 0.500000 0.995776 

0.500000 1.000000 0.893538 0.912753 
0.500000 1.000000 0.500000 0.957876 
0.500000 1.000000 0.500000 0.851211 
0.500000 0.500000 0.993806 0.799921 
0.500000 0.500000 0.500000 0.500000 
0.500000 0.500000 0.500000 0.603644 
1.000000 0.500000 0.997604 0.768466 
0.999999 0.500000 0.500000 0.752091 
1.000000 0.500000 0.500000 0.514648 

0.500000 0.969981 1.000000 0.910250 
0.500000 1.000000 0.500000 0.562248 
0.500000 1.000000 0.500000 0.712261 
0.500000 0.500000 1.000000 0.642587 
0.500000 0.500000 0.500000 0.500000 
0.500000 0.500000 0.500000 0.945588 
1.000000 0.500000 1.000000 0.532746 
1.000000 0.500000 0.500000 0.904272 
1.000000 0.500000 0.500000 0.920001 

0.500000 0.999946 0.995494 0.604508 
0.500000 0.999961 0.500000 0.908994 
0.500000 1.000000 0.500000 0.713058 
0.500000 0.500000 1.000000 0.888038 
0.500000 0.500000 0.500000 0.500000 
0.500000 0.500000 0.500000 0.570984 
1.000000 0.500000 0.996766 -0.040964 
1.000000 0.500000 0.500000 0.243313 
1.000000 0.500000 0.500000 0.993015 

0.500000 1.000000 0.995474 -0.034020 
0.500000 0.997606 0.500000 0.813387 
0.500000 1.000000 0.500000 0.998930 
0.500000 0.500000 1.000000 0.685937 
0.500000 0.500000 0.500000 0.500000 
0.500000 0.500000 0.500000 0.904722 
1.000000 0.500000 0.943225 -0.040964 
1.000000 0.500000 0.500000 0.989348 
0.997598 0.500000 0.500000 0.834836 

0.500000 1.000000 0.948545 -0.034020 
0.500000 1.000000 0.500000 0.799338 
0.500000 1.000000 0.500000 0.872368 
0.500000 0.500000 0.990846 0.878131 
0.500000 0.500000 0.500000 0.500000 
0.500000 0.500000 0.500000 0.972520 
1.000000 0.500000 0.995468 -0.040964 
1.000000 0.500000 0.500000 0.532384 
1.000000 0.500000 0.500000 0.754773 

0.500000 1.000000 0.885790 -0.034020 
0.500000 1.000000 0.500000 0.744925 
0.500000 1.000000 0.500000 0.979129 
0.500000 0.500000 0.999998 0.994845 
0.500000 0.500000 0.500000 0.500000 
0.500000 0.500000 0.500000 0.999318 
1.000000 0.500000 0.991517 -0.040964 
1.000000 0.500000 0.500000 0.737630 
1.000000 0.500000 0.500000 0.935720 

0.500000 1.000000 0.999990 -0.034020 
0.500000 1.000000 0.500000 0.967036 
0.500000 1.000000 0.500000 0.720963 
0.500000 0.500000 0.854174 0.995491 
0.500000 0.500000 0.500000 0.500000 
0.500000 0.500000 0.500000 0.999059 
1.000000 0.500000 0.999189 -0.040964 
1.000000 0.500000 0.500000 0.766451 
1.000000 0.500000 0.500000 0.938553 

0.500000 1.000000 0.983603 -0.034020 
0.500000 1.000000 0.500000 0.956499 
0.500000 1.000000 0.500000 0.992859 
0.500000 0.500000 0.999809 0.886410 
0.500000 0.500000 0.500000 0.500000 
0.500000 0.500000 0.500000 0.993673 
0.988370 0.500000 0.893508 -0.040964 
1.000000 0.500000 0.500000 0.873209 
1.000000 0.500000 0.500000 0.981062 

0.500000 0.500000 0.350000 0.500000 
0.500000 0.500000 0.500000 0.500000 
0.500000 0.500000 0.500000 0.500000 
0.500000 0.500000 0.500000 0.500000 
0.500000 0.500000 0.500000 0.500000 
0.500000 0.500000 0.500000 0.500000 
0.500000 0.500000 0.500000 0.500000 
0.500000 0.500000 0.500000 0.500000 
0.500000 0.500000 0.500000 0.500000 

0.500000 1.000000 0.999232 0.856392 
0.500000 1.000000 0.500000 0.639309 
0.500000 1.000000 0.500000 0.980260 
0.500000 0.500000 1.000000 0.687172 
0.500000 0.500000 0.500000 0.500000 
0.500000 0.500000 0.500000 0.821636 
1.000000 0.500000 0.969972 0.941321 
1.000000 0.500000 0.500000 0.678665 
1.000000 0.500000 0.500000 0.849369 

0.500000 1.000000 1.000000 0.966208 
0.500000 1.000000 0.500000 0.963027 
0.500000 1.000000 0.500000 0.905117 
0.500000 0.500000 1.000000 0.678574 
0.500000 0.500000 0.500000 0.500000 
0.500000 0.500000 0.500000 0.830427 
1.000000 0.500000 0.999946 0.958747 
1.000000 0.500000 0.500000 0.855545 
1.000000 0.500000 0.500000 0.763026 

0.500000 1.000000 1.000000 -0.012777 
0.500000 1.000000 0.500000 0.814715 
0.500000 1.000000 0.500000 0.967003 
0.500000 0.500000 0.999979 0.732878 
0.500000 0.500000 0.500000 0.500000 
0.500000 0.500000 0.500000 0.853188 
1.000000 0.500000 0.969372 0.963250 
0.999996 0.500000 0.500000 0.999873 
1.000000 0.500000 0.500000 0.839837 

0.500000 1.000000 0.999992 -0.012777 
0.500000 1.000000 0.500000 0.904965 
0.500000 1.000000 0.500000 0.728383 
0.500000 0.500000 0.842858 0.902346 
0.500000 0.500000 0.500000 0.500000 
0.500000 0.500000 0.500000 0.614376 
1.000000 0.500000 1.000000 0.710503 
1.000000 0.500000 0.500000 0.991894 
1.000000 0.500000 0.500000 0.740190 

0.500000 1.000000 0.999860 -0.012777 
0.500000 1.000000 0.500000 0.450600 
0.500000 0.995494 0.500000 0.964742 
0.500000 0.500000 0.993819 0.925496 
0.500000 0.500000 0.500000 0.500000 
0.500000 0.500000 0.500000 0.743801 
1.000000 0.500000 1.000000 0.835827 
1.000000 0.500000 0.500000 0.732657 
1.000000 0.500000 0.500000 0.915705 

0.500000 1.000000 0.962136 -0.012777 
0.500000 1.000000 0.500000 0.961740 
0.500000 1.000000 0.500000 0.893170 
0.500000 0.500000 0.907026 -0.002900 
0.500000 0.500000 0.500000 0.500000 
0.500000 0.500000 0.500000 0.950699 
1.000000 0.500000 0.999825 -0.068619 
1.000000 0.500000 0.500000 0.987590 
1.000000 0.500000 0.500000 0.973028 

0.500000 1.000000 0.956674 -0.012777 
0.500000 1.000000 0.500000 0.749334 
0.500000 1.000000 0.500000 0.851573 
0.500000 0.500000 0.970404 -0.002900 
0.500000 0.500000 0.500000 0.500000 
0.500000 0.500000 0.500000 0.832544 
1.000000 0.500000 0.999999 -0.068619 
1.000000 0.500000 0.500000 0.885319 
1.000000 0.500000 0.500000 0.999601 

0.500000 1.000000 0.999999 -0.012777 
0.500000 1.000000 0.500000 0.991288 
0.500000 1.000000 0.500000 0.999716 
0.500000 0.500000 0.856651 -0.002900 
0.500000 0.500000 0.500000 0.500000 
0.500000 0.500000 0.500000 0.951152 
1.000000 0.500000 0.997539 -0.068619 
1.000000 0.500000 0.500000 0.883061 
0.999507 0.500000 0.500000 0.749014 

0.500000 1.000000 0.998019 -0.012777 
0.500000 1.000000 0.500000 0.979949 
0.500000 1.000000 0.500000 0.989510 
0.500000 0.500000 0.999072 -0.002900 
0.500000 0.500000 0.500000 0.500000 
0.500000 0.500000 0.500000 0.995447 
1.000000 0.500000 0.999843 -0.068619 
1.000000 0.500000 0.500000 0.816316 
1.000000 0.500000 0.500000 0.994339 

0.500000 0.500000 0.500000 0.500000 
0.500000 0.500000 0.500000 0.500000 
0.500000 0.500000 0.500000 0.500000 
0.500000 0.500000 0.500000 0.500000 
0.500000 0.500000 0.500000 0.500000 
0.500000 0.500000 0.500000 0.500000 
0.500000 0.500000 0.500000 0.500000 
0.500000 0.500000 0.500000 0.500000 
0.500000 0.500000 0.500000 0.390650 

0.500000 1.000000 0.942337 0.995081 
0.500000 1.000000 0.500000 0.818887 
0.500000 1.000000 0.500000 0.906434 
0.500000 0.500000 0.999898 0.851238 
0.500000 0.500000 0.500000 0.500000 
0.500000 0.500000 0.500000 0.740926 
1.000000 0.500000 1.000000 0.802077 
1.000000 0.500000 0.500000 0.974294 
1.000000 0.500000 0.500000 0.962479 

0.500000 1.000000 0.998254 0.963783 
0.500000 1.000000 0.500000 0.796246 
0.500000 1.000000 0.500000 0.763267 
0.500000 0.500000 1.000000 0.956854 
0.500000 0.500000 0.500000 0.500000 
0.500000 0.500000 0.500000 0.937140 
1.000000 0.500000 0.969976 0.595222 
1.000000 0.500000 0.500000 0.793337 
0.999994 0.500000 0.500000 0.816773 

0.500000 1.000000 1.000000 -0.058931 
0.500000 0.978116 0.500000 0.885321 
0.500000 1.000000 0.806290 0.865324 
0.500000 0.500000 1.000000 0.977121 
0.500000 0.500000 0.500000 0.500000 
0.500000 0.500000 0.500000 0.782429 
1.000000 0.500000 0.794437 0.835964 
1.000000 0.500000 0.500000 0.828361 
1.000000 0.500000 0.500000 0.892013 

0.500000 1.000000 0.999926 -0.058931 
0.500000 1.000000 0.500000 0.848667 
0.500000 0.999926 0.897054 0.628335 
0.500000 0.500000 1.000000 0.749094 
0.500000 0.500000 0.500000 0.500000 
0.500000 0.500000 0.500000 0.910494 
0.943514 0.500000 1.000000 0.891794 
1.000000 0.500000 0.500000 0.991955 
1.000000 0.500000 0.500000 0.756141 

0.500000 0.999994 0.999961 -0.058931 
0.500000 1.000000 0.500000 0.589556 
0.500000 0.998254 0.945291 0.955335 
0.500000 0.500000 1.000000 0.790190 
0.500000 0.500000 0.500000 0.500000 
0.500000 0.500000 0.500000 0.984694 
1.000000 0.500000 0.969981 0.859322 
1.000000 0.500000 0.500000 0.550583 
0.999998 0.500000 0.500000 0.860721 

0.500000 1.000000 0.999971 -0.058931 
0.500000 1.000000 0.500000 0.668321 
0.500000 1.000000 0.945291 0.875603 
0.500000 0.500000 0.955862 -0.004168 
0.500000 0.500000 0.500000 0.500000 
0.500000 0.500000 0.500000 0.996676 
1.000000 0.500000 0.873957 -0.027412 
1.000000 0.500000 0.500000 0.990112 
1.000000 0.500000 0.500000 0.709230 

0.500000 1.000000 0.999804 -0.058931 
0.500000 1.000000 0.500000 0.959509 
0.500000 1.000000 0.945291 0.955557 
0.500000 0.500000 0.999062 -0.004168 
0.500000 0.500000 0.500000 0.500000 
0.500000 0.500000 0.500000 0.981730 
0.999072 0.500000 0.874015 -0.027412 
1.000000 0.500000 0.500000 0.929947 
1.000000 0.500000 0.500000 0.986582 

0.500000 1.000000 0.999809 -0.058931 
0.500000 1.000000 0.500000 0.798796 
0.500000 1.000000 0.945291 0.887644 
0.500000 0.500000 0.987756 -0.004168 
0.500000 0.500000 0.500000 0.500000 
0.500000 0.500000 0.500000 0.878896 
0.943479 0.500000 1.000000 -0.027412 
1.000000 0.500000 0.500000 0.843612 
1.000000 0.500000 0.500000 0.799991 

0.500000 1.000000 0.954764 -0.058931 
0.500000 1.000000 0.500000 0.854776 
0.500000 1.000000 0.945291 0.998015 
0.500000 0.500000 1.000000 -0.004168 
0.500000 0.500000 0.500000 0.500000 
0.500000 0.500000 0.500000 0.837440 
1.000000 0.500000 0.958128 -0.027412 
1.000000 0.500000 0.500000 0.989938 
1.000000 0.500000 0.500000 0.847297 

