0.000000 0.000000 0.000000 0.000000 
0.000000 0.000000 0.000000 0.000000 
0.000000 0.000000 0.000000 0.000000 
0.000000 0.000000 0.000000 0.000000 
0.000000 0.000000 0.000000 0.000000 
0.000000 0.000000 0.000000 0.000000 
0.000000 0.000000 0.000000 0.000000 
0.000000 0.000000 0.000000 0.000000 
0.000000 0.000000 0.000000 0.000000 

-7.704623 -7.701987 -7.567677 -10.000000 
-0.760948 4.209386 -1.231105 -10.000000 
-7.988593 -7.727908 -7.842478 -10.000000 
-4.341465 -4.492469 -3.408057 -10.000000 
0.000000 0.000000 0.000000 0.000000 
-7.682916 -7.586737 -7.654343 -10.000000 
-7.439252 -7.472119 -7.371832 -10.000000 
7.801133 -1.246653 0.247808 -10.000000 
-8.056058 -8.119959 -8.105441 -10.000000 

-6.986566 -5.752037 -10.000000 -6.924435 
-1.260508 0.135519 -10.000000 -1.688323 
-8.219392 -8.030692 -10.000000 -8.165290 
-6.962041 -6.400225 -10.000000 -6.884006 
0.000000 0.000000 0.000000 0.000000 
-7.365622 -7.344960 -10.000000 -6.004278 
-6.644634 -6.799009 -10.000000 -6.688404 
4.075640 -1.154149 -10.000000 -1.877110 
-8.373434 -8.402817 -10.000000 -8.211245 

-7.008406 -6.565841 -10.000000 -10.000000 
-1.323233 2.400863 -10.000000 -10.000000 
-7.830426 -7.183055 -10.000000 -10.000000 
-6.522177 -6.833699 -10.000000 -10.000000 
0.000000 0.000000 0.000000 0.000000 
-7.110963 -7.258130 -10.000000 -10.000000 
-6.938454 -6.903082 -10.000000 -10.000000 
5.975402 0.920748 -10.000000 -10.000000 
-7.341223 -7.677721 -10.000000 -10.000000 

-8.459146 -10.000000 -7.877575 -8.468567 
-8.585628 -10.000000 -8.607077 -8.180552 
-7.893722 -10.000000 -8.541613 -8.479387 
-6.067149 -10.000000 -1.146427 -6.124744 
0.000000 0.000000 0.000000 0.000000 
-6.766365 -10.000000 -6.787641 -4.792172 
-8.003117 -10.000000 -7.918482 -8.010398 
-0.772479 -10.000000 -4.521480 -4.564634 
-8.839642 -10.000000 -8.708382 -8.792227 

-8.323282 -10.000000 -7.890160 -10.000000 
-8.031728 -10.000000 -7.777510 -10.000000 
-8.663471 -10.000000 -8.737248 -10.000000 
-5.302452 -10.000000 -3.469497 -10.000000 
0.000000 0.000000 0.000000 0.000000 
-7.738135 -10.000000 -8.664414 -10.000000 
-7.633934 -10.000000 -7.699252 -10.000000 
-3.147202 -10.000000 -4.037156 -10.000000 
-8.702773 -10.000000 -8.627310 -10.000000 

-8.521083 -10.000000 -10.000000 -8.783987 
-9.267802 -10.000000 -10.000000 -8.976654 
-9.095178 -10.000000 -10.000000 -9.107533 
-7.626140 -10.000000 -10.000000 -8.387256 
0.000000 0.000000 0.000000 0.000000 
-7.205566 -10.000000 -10.000000 -6.539330 
-7.428167 -10.000000 -10.000000 -7.986101 
-5.220435 -10.000000 -10.000000 -5.738785 
-9.194474 -10.000000 -10.000000 -9.356843 

-8.290326 -10.000000 -10.000000 -10.000000 
-8.428234 -10.000000 -10.000000 -10.000000 
-8.609810 -10.000000 -10.000000 -10.000000 
-7.118000 -10.000000 -10.000000 -10.000000 
0.000000 0.000000 0.000000 0.000000 
-6.902782 -10.000000 -10.000000 -10.000000 
-7.162138 -10.000000 -10.000000 -10.000000 
-1.506613 -10.000000 -10.000000 -10.000000 
-7.809933 -10.000000 -10.000000 -10.000000 

-10.000000 -7.690861 -7.396894 -7.684503 
-10.000000 1.068220 -1.984537 -2.314586 
-10.000000 -7.668852 -8.398193 -8.331259 
-10.000000 -5.342802 -2.760108 -5.410694 
0.000000 0.000000 0.000000 0.000000 
-10.000000 -7.027194 -7.030035 -5.601354 
-10.000000 -8.188212 -7.870777 -8.143120 
-10.000000 -8.248620 -8.245710 -8.059506 
-10.000000 -7.669581 -8.239793 -8.313730 

-10.000000 -6.225209 -8.574677 -10.000000 
-10.000000 -0.001181 -5.934860 -10.000000 
-10.000000 -8.439776 -8.738933 -10.000000 
-10.000000 -5.023134 -4.071523 -10.000000 
0.000000 0.000000 0.000000 0.000000 
-10.000000 -8.563281 -8.449196 -10.000000 
-10.000000 -8.222543 -7.980159 -10.000000 
-10.000000 -7.706078 -7.972071 -10.000000 
-10.000000 -8.749373 -8.725785 -10.000000 

-10.000000 -7.291117 -10.000000 -7.696636 
-10.000000 -1.526523 -10.000000 -4.170641 
-10.000000 -8.477877 -10.000000 -9.145150 
-10.000000 -7.594689 -10.000000 -8.313362 
0.000000 0.000000 0.000000 0.000000 
-10.000000 -7.847144 -10.000000 -7.174248 
-10.000000 -8.903918 -10.000000 -8.717143 
-10.000000 -7.993077 -10.000000 -8.859404 
-10.000000 -9.192978 -10.000000 -9.194660 

-10.000000 -7.754331 -10.000000 -10.000000 
-10.000000 -6.558330 -10.000000 -10.000000 
-10.000000 -8.693965 -10.000000 -10.000000 
-10.000000 -6.744448 -10.000000 -10.000000 
0.000000 0.000000 0.000000 0.000000 
-10.000000 -7.161823 -10.000000 -10.000000 
-10.000000 -7.921917 -10.000000 -10.000000 
-10.000000 -7.875699 -10.000000 -10.000000 
-10.000000 -8.391444 -10.000000 -10.000000 

-10.000000 -10.000000 -9.353668 -9.642205 
-10.000000 -10.000000 -9.156220 -9.755070 
-10.000000 -10.000000 -9.807209 -9.714462 
-10.000000 -10.000000 -7.307590 -9.044159 
0.000000 0.000000 0.000000 0.000000 
-10.000000 -10.000000 -9.295584 -8.383785 
-10.000000 -10.000000 -9.118950 -9.639925 
-10.000000 -10.000000 -9.711071 -9.504800 
-10.000000 -10.000000 -9.727612 -9.797009 

-10.000000 -10.000000 -9.275021 -10.000000 
-10.000000 -10.000000 -9.305471 -10.000000 
-10.000000 -10.000000 -9.939575 -10.000000 
-10.000000 -10.000000 -8.649387 -10.000000 
0.000000 0.000000 0.000000 0.000000 
-10.000000 -10.000000 -9.684588 -10.000000 
-10.000000 -10.000000 -9.251652 -10.000000 
-10.000000 -10.000000 -9.239662 -10.000000 
-10.000000 -10.000000 -9.919428 -10.000000 

-10.000000 -10.000000 -10.000000 -9.744583 
-10.000000 -10.000000 -10.000000 -9.730763 
-10.000000 -10.000000 -10.000000 -9.929251 
-10.000000 -10.000000 -10.000000 -9.754524 
0.000000 0.000000 0.000000 0.000000 
-10.000000 -10.000000 -10.000000 -9.186281 
-10.000000 -10.000000 -10.000000 -9.820162 
-10.000000 -10.000000 -10.000000 -9.651239 
-10.000000 -10.000000 -10.000000 -9.970476 

-10.000000 -10.000000 -10.000000 -10.000000 
-10.000000 -10.000000 -10.000000 -10.000000 
-10.000000 -10.000000 -10.000000 -10.000000 
-10.000000 -10.000000 -10.000000 -10.000000 
0.000000 0.000000 0.000000 0.000000 
-10.000000 -10.000000 -10.000000 -10.000000 
-10.000000 -10.000000 -10.000000 -10.000000 
-10.000000 -10.000000 -10.000000 -10.000000 
-10.000000 -10.000000 -10.000000 -10.000000 

