0.000000 0.000000 0.000000 0.000000 
0.000000 0.000000 0.000000 0.000000 
0.000000 0.000000 0.000000 0.000000 
0.000000 0.000000 0.000000 0.000000 
0.000000 0.000000 0.000000 0.000000 
0.000000 0.000000 0.000000 0.000000 
0.000000 0.000000 0.000000 0.000000 
0.000000 0.000000 0.000000 0.000000 
0.000000 0.000000 0.000000 0.000000 

-7.365518 -6.551931 -7.461840 -10.000000 
1.914194 10.965700 1.947959 -9.983251 
-6.358954 -5.821138 -6.451573 -10.000000 
-4.054512 -4.044894 -2.252144 -10.000000 
0.000000 0.000000 0.000000 0.000000 
-7.810436 -6.989910 -7.899833 -9.302849 
-6.466165 -7.479081 -7.521216 -10.000000 
8.442228 2.508419 2.408379 -9.990743 
-5.504139 -6.698153 -6.952702 -10.000000 

-6.148512 -5.278148 -10.000000 -6.244598 
0.734241 7.254415 -10.000000 1.258704 
-7.113953 -6.577783 -10.000000 -7.115197 
-6.182638 -7.268127 -10.000000 -7.197702 
0.000000 0.000000 0.000000 0.000000 
-6.228573 -6.162593 -10.000000 -5.098893 
-5.446584 -6.146609 -10.000000 -6.053303 
6.109253 0.798473 -10.000000 1.008250 
-6.359899 -7.324945 -10.000000 -7.547382 

-7.257131 -5.938929 -8.231144 -8.595331 
4.166734 13.795298 -2.302674 -1.738314 
-7.250540 -6.305542 -8.126155 -8.004056 
-6.368865 -6.353604 -4.724691 -6.412517 
0.000000 0.000000 0.000000 0.000000 
-7.627810 -7.629824 -7.628885 -7.169679 
-6.165845 -7.269927 -7.997935 -8.129660 
9.153929 2.063910 -2.542603 -2.376573 
-6.202529 -7.437913 -8.360995 -8.182377 

-8.455585 -10.000000 -8.132400 -8.462543 
-8.981041 -9.998183 -8.393764 -8.965610 
-8.590349 -10.000000 -8.657393 -8.387279 
-5.652748 -10.000000 -4.871589 -5.661398 
0.000000 0.000000 0.000000 0.000000 
-6.566391 -10.000000 -6.573746 -5.828434 
-7.015816 -10.000000 -7.241600 -7.245140 
1.968277 -10.000000 -1.346535 -1.435760 
-6.967024 -10.000000 -7.198896 -7.211110 

-8.178129 -9.962518 -7.780194 -9.996814 
-8.302379 -9.379157 -7.979348 -9.726221 
-9.024927 -9.983380 -8.567710 -9.987176 
-5.259643 -9.353706 -4.380720 -9.923997 
0.000000 0.000000 0.000000 0.000000 
-8.455673 -8.824300 -8.741309 -8.832328 
-7.405471 -9.989916 -7.190422 -9.805034 
-1.618999 -9.873921 -2.349499 -8.501005 
-6.749309 -9.991084 -7.791114 -9.775001 

-9.009152 -9.953385 -9.996003 -8.654946 
-8.628957 -5.129531 -8.646670 -8.621182 
-8.668150 -9.945339 -9.972570 -8.613433 
-7.772120 -8.425012 -8.440394 -8.399404 
0.000000 0.000000 0.000000 0.000000 
-7.067106 -9.346451 -9.944851 -6.440479 
-6.580888 -9.998305 -9.647261 -7.329441 
1.517006 -9.683422 -9.069481 -2.453450 
-8.804306 -9.990183 -9.793912 -8.542724 

-7.746217 -9.822472 -9.814483 -9.800988 
-4.893907 -4.445001 -4.875549 -4.914306 
-7.868286 -9.792516 -9.753738 -9.773813 
-5.710579 -5.724812 -5.725502 -5.753508 
0.000000 0.000000 0.000000 0.000000 
-6.154800 -6.156502 -6.151039 -6.169610 
-7.619804 -9.615986 -9.559991 -9.624936 
-2.240103 -3.580611 -3.620266 -3.603620 
-7.559421 -9.424036 -9.336772 -9.314072 

-10.000000 -7.090014 -7.263617 -7.283792 
-10.000000 1.549243 -0.741806 -0.757370 
-10.000000 -7.059501 -7.297014 -7.294209 
-10.000000 -5.098675 -4.622832 -5.116189 
0.000000 0.000000 0.000000 0.000000 
-10.000000 -6.570857 -6.586109 -6.429402 
-10.000000 -8.548639 -8.177429 -8.543216 
-9.997519 -8.941340 -8.541895 -8.917220 
-10.000000 -8.505354 -8.572944 -8.338198 

-9.999995 -6.875564 -7.323651 -9.961172 
-9.711564 -0.648994 -2.683384 -9.268635 
-9.998108 -6.405003 -8.212206 -9.546862 
-9.287357 -5.217356 -3.399502 -9.929680 
0.000000 0.000000 0.000000 0.000000 
-8.738608 -8.641883 -8.671572 -8.764227 
-9.897311 -8.439870 -7.980206 -9.998510 
-9.297565 -8.036585 -8.285079 -9.762156 
-9.979304 -8.238193 -8.903279 -9.951362 

-9.886503 -6.225552 -9.697950 -7.595330 
-9.595051 0.002240 -8.808507 -3.191637 
-9.965804 -8.953969 -9.845824 -8.571057 
-8.716130 -7.621741 -8.667145 -8.448887 
0.000000 0.000000 0.000000 0.000000 
-9.541154 -7.436071 -9.928106 -6.435806 
-9.986175 -7.738939 -9.965795 -8.829950 
-7.251117 -8.637787 -8.633000 -8.613149 
-9.924838 -7.850215 -9.981320 -8.708859 

-9.629879 -7.499487 -9.505388 -9.632575 
-4.599413 -2.640856 -4.542166 -4.489233 
-9.790100 -6.994872 -9.753407 -9.751792 
-5.828791 -5.817574 -5.823704 -5.817839 
0.000000 0.000000 0.000000 0.000000 
-5.964255 -5.965199 -6.003834 -5.999653 
-9.807411 -8.515211 -9.792135 -9.778824 
-4.541087 -4.907255 -4.951141 -4.958655 
-9.837658 -8.025662 -9.863117 -9.847617 

-9.063180 -9.025930 -8.558653 -8.902375 
-4.129632 -4.083081 -4.093960 -4.080723 
-9.304717 -9.203760 -8.703323 -9.143625 
-5.911798 -5.948836 -5.367052 -5.895533 
0.000000 0.000000 0.000000 0.000000 
-6.227633 -6.151039 -6.169131 -5.635643 
-9.527078 -9.619731 -8.954831 -9.313764 
-4.456618 -4.859005 -4.834068 -4.857322 
-9.263888 -9.245225 -9.192676 -8.929298 

-9.970064 -9.979955 -9.066917 -9.998747 
-6.417827 -6.236389 -6.422092 -6.433547 
-9.989984 -9.993921 -9.367586 -9.996328 
-5.786658 -5.720189 -4.872837 -5.719054 
0.000000 0.000000 0.000000 0.000000 
-5.461264 -5.460487 -5.652671 -5.498105 
-9.986891 -9.998115 -9.087074 -9.998772 
-6.544522 -6.564580 -6.550453 -6.553878 
-9.989741 -9.974782 -9.568187 -9.997284 

-9.856109 -9.877876 -9.855621 -9.497386 
-5.322115 -5.284675 -5.294134 -5.277491 
-9.698631 -9.728533 -9.720828 -9.245170 
-5.115173 -5.115631 -5.140561 -5.096091 
0.000000 0.000000 0.000000 0.000000 
-7.089263 -7.046892 -7.160170 -6.129530 
-9.981995 -9.980617 -9.981801 -9.659332 
-4.539946 -4.521520 -4.543876 -4.521231 
-9.710303 -9.719590 -9.737009 -9.256005 

-9.543215 -9.543921 -9.544949 -9.547023 
-1.820931 -1.820931 -1.820931 -1.738314 
-9.631065 -9.631669 -9.633602 -9.633473 
-1.678082 -1.738314 -1.683817 -1.669357 
0.000000 0.000000 0.000000 0.000000 
-1.762210 -1.786816 -1.728048 -1.741370 
-9.655587 -9.654368 -9.654463 -9.655343 
-1.654862 -1.654862 -1.694592 -1.680595 
-9.396926 -9.395697 -9.392832 -9.396772 

