0.000000 0.000000 0.000000 0.000000 
0.000000 0.000000 0.000000 0.000000 
0.000000 0.000000 0.000000 0.000000 
0.000000 0.000000 0.000000 0.000000 
0.000000 0.000000 0.000000 0.000000 
0.000000 0.000000 0.000000 0.000000 
0.000000 0.000000 0.000000 0.000000 
0.000000 0.000000 0.000000 0.000000 
0.000000 0.000000 0.000000 0.000000 

-7.583261 -6.604237 -7.532896 -9.999702 
3.336600 21.129755 3.288264 -4.473165 
-7.035182 -6.056217 -7.027675 -9.996473 
-4.060995 -4.117672 -3.381935 -9.999996 
0.000000 0.000000 0.000000 0.000000 
-6.115646 -6.143644 -6.194059 -6.151039 
-6.524198 -7.462451 -7.554679 -9.999834 
12.003732 0.998316 2.345135 -4.583149 
-5.657557 -7.340779 -7.468167 -9.999335 

-6.539394 -5.328166 -10.000000 -6.438093 
2.050548 11.254430 -9.435498 2.645251 
-7.225343 -6.726030 -10.000000 -7.276229 
-6.644699 -6.695275 -8.738608 -6.719808 
0.000000 0.000000 0.000000 0.000000 
-5.867658 -5.911465 -9.999984 -5.414951 
-5.672844 -6.610303 -10.000000 -6.697332 
8.306975 0.720903 -8.978616 0.619511 
-6.515983 -7.356269 -10.000000 -7.591806 

-2.857773 -2.851873 -2.894468 -2.894468 
-0.114734 2.435045 -0.297010 -0.100000 
-3.247551 -3.246233 -3.310282 -3.242709 
-0.764026 -0.768455 -0.772553 -0.772553 
0.000000 0.000000 0.000000 0.000000 
-1.103773 -1.400740 -1.136151 -1.136151 
-3.471877 -3.506817 -3.508974 -3.508974 
3.597854 0.050995 -0.297010 -0.199000 
-4.277236 -4.358144 -4.303988 -4.303988 

-8.855059 -10.000000 -8.542362 -8.929329 
-3.891494 -5.341192 -3.767718 -3.758137 
-9.012133 -10.000000 -9.075716 -8.840010 
-5.027963 -8.836057 -5.016208 -5.003094 
0.000000 0.000000 0.000000 0.000000 
-5.748933 -7.763113 -5.817313 -5.473014 
-6.934232 -10.000000 -7.210027 -7.299792 
0.856663 -9.960248 -0.315707 -0.765070 
-6.976198 -10.000000 -7.209818 -7.155265 

-8.373771 -9.890301 -8.023545 -9.930211 
-2.894883 -2.965523 -2.901616 -2.965523 
-8.709737 -9.782725 -8.611856 -9.820494 
-4.104487 -7.425154 -2.796704 -7.124164 
0.000000 0.000000 0.000000 0.000000 
-5.267720 -5.246600 -5.655510 -5.246600 
-8.094411 -9.941172 -7.636836 -9.953313 
0.881615 -3.443408 -0.560185 -3.888828 
-6.282332 -9.996873 -7.805172 -9.993221 

-7.785581 -7.740518 -8.133287 -7.661576 
-1.906037 -1.902721 -1.902721 -1.901104 
-8.344563 -8.725867 -8.361920 -8.059907 
-4.253522 -4.303988 -4.303988 -4.410083 
0.000000 0.000000 0.000000 0.000000 
-4.504668 -4.528434 -4.690944 -3.721602 
-6.474025 -8.242527 -8.206843 -7.919505 
-1.158639 -1.983694 -2.063857 -1.831697 
-6.601160 -9.519350 -9.236850 -8.074366 

-4.670366 -4.690944 -4.690944 -4.690944 
-0.474178 -0.585198 -0.490099 -0.490099 
-6.736304 -6.588339 -6.588339 -6.588339 
-1.057836 -1.136151 -1.136151 -1.136151 
0.000000 0.000000 0.000000 0.000000 
-1.140521 -1.224790 -1.224790 -1.136151 
-4.672572 -4.637318 -4.583149 -4.583149 
0.507785 -0.585198 -0.585198 -0.585198 
-8.192150 -8.133287 -8.133287 -8.114431 

-10.000000 -6.911322 -7.182099 -7.162687 
-9.975214 -0.060695 -0.521593 -0.546161 
-10.000000 -6.846037 -7.367131 -7.321737 
-9.112677 -4.163583 -3.362241 -4.145240 
0.000000 0.000000 0.000000 0.000000 
-8.206843 -5.665931 -5.694907 -4.606492 
-10.000000 -8.762920 -8.352578 -8.785031 
-6.376280 -4.355380 -4.270269 -4.319051 
-10.000000 -8.600629 -8.600916 -8.434653 

-9.992429 -7.877494 -7.619346 -9.994111 
-4.951141 3.437483 -0.145402 -4.637318 
-9.990927 -6.326823 -7.503543 -9.984853 
-7.915075 -4.177673 -3.362789 -8.151954 
0.000000 0.000000 0.000000 0.000000 
-4.303988 -4.284109 -4.359742 -4.303988 
-9.997086 -8.144175 -7.863505 -9.994228 
-3.310282 -3.345626 -3.287238 -3.310282 
-9.982210 -8.448357 -8.177045 -9.982911 

-7.956565 -6.516351 -8.133287 -7.681291 
-2.965523 0.366871 -2.894468 -2.334797 
-8.548031 -7.462036 -8.660203 -7.259252 
-4.188336 -4.187596 -4.188336 -4.280063 
0.000000 0.000000 0.000000 0.000000 
-5.051613 -4.919204 -5.001630 -4.880231 
-8.738608 -8.698596 -8.812424 -8.606869 
-1.654862 -1.614407 -1.654862 -1.592556 
-9.343647 -7.997055 -9.323555 -8.235340 

-2.965523 -3.181823 -2.965523 -2.894468 
-0.585198 -0.495227 -0.585198 -0.490099 
-5.001630 -4.962805 -4.951141 -4.951141 
-0.679347 -0.652343 -0.679347 -0.679347 
0.000000 0.000000 0.000000 0.000000 
-0.772553 -0.687915 -0.772553 -0.679347 
-6.151039 -6.180289 -6.112161 -6.112161 
-0.585198 -0.530990 -0.585198 -0.585198 
-8.410573 -8.416043 -8.410573 -8.394518 

-2.528279 -2.528279 -2.499623 -2.516720 
-0.199000 -0.199000 -0.150179 -0.147741 
-2.822695 -2.822695 -2.828639 -2.823006 
-2.452807 -2.452807 -2.418911 -2.417590 
0.000000 0.000000 0.000000 0.000000 
-3.035868 -3.035868 -3.028746 -3.036474 
-3.573884 -3.573884 -3.541232 -3.534264 
-0.297010 -0.297010 -0.289067 -0.262655 
-4.473165 -4.473165 -4.467573 -4.466482 

-7.095115 -7.065773 -6.924978 -7.036134 
-0.585198 -0.585198 -0.582622 -0.585198 
-7.851255 -7.851255 -7.862326 -7.851255 
-2.299568 -2.376573 -2.226178 -2.299568 
0.000000 0.000000 0.000000 0.000000 
-2.376573 -2.376573 -2.433170 -2.376573 
-8.361920 -8.345374 -8.047105 -8.294726 
-1.224790 -1.224790 -1.229714 -1.224790 
-8.442202 -8.442202 -8.321880 -8.442202 

-4.188336 -4.188336 -4.188336 -4.157341 
-0.585198 -0.585198 -0.585198 -0.588794 
-5.569520 -5.569520 -5.524768 -5.557423 
-1.654862 -1.654862 -1.654862 -1.673216 
0.000000 0.000000 0.000000 0.000000 
-2.602996 -2.602996 -2.602996 -2.286362 
-5.246600 -5.246600 -5.198585 -5.262190 
-1.046617 -1.046617 -1.046617 -1.029914 
-8.345374 -8.328661 -8.345374 -8.125627 

-1.983694 -1.983694 -1.983694 -1.902721 
-0.199000 -0.199000 -0.100000 -0.100000 
-2.602996 -2.528279 -2.528279 -2.528279 
-0.297010 -0.199000 -0.199000 -0.199000 
0.000000 0.000000 0.000000 0.000000 
-0.297010 -0.199000 -0.199000 -0.199000 
-3.310282 -3.310282 -3.310282 -3.242709 
-0.297010 -0.394040 -0.297010 -0.199000 
-4.473165 -4.417339 -4.417339 -4.417339 

